1677570159
1609052273
1677570159
NULL1609052273
1609052273
1936578648
1609052273
NULL1936578648
1936578648
458431052
1936578648
NULL458431052
458431052
261276069
458431052
NULL261276069
261276069
1372112766
261276069
NULL1372112766
1372112766
192700112
1372112766
NULL192700112
192700112
1526041192
192700112
NULL1526041192
1526041192
840619813
1526041192
NULL840619813
840619813
1565076896
840619813
NULL1565076896
1565076896
588462488
1565076896
NULL588462488
588462488
2060384785
588462488
NULL2060384785
2060384785
1972148699
2060384785
NULL1972148699
1972148699
1880294953
1972148699
NULL1880294953
1880294953
1316142628
1880294953
NULL1316142628
1316142628
150285085
1316142628
NULL150285085
150285085
1597051716
150285085
NULL1597051716
1597051716
1582768365
1597051716
NULL1582768365
1582768365
2055628826
1582768365
NULL2055628826
2055628826
897972582
2055628826
NULL897972582
897972582
2004052526
897972582
NULL2004052526
2004052526
1814036608
2004052526
NULL1814036608
1814036608
782450704
1814036608
NULL782450704
782450704
946302803
782450704
NULL946302803
946302803
1967555339
946302803
NULL1967555339
1967555339
771151529
1967555339
NULL771151529
771151529
913757188
771151529
NULL913757188
913757188
1143347803
913757188
NULL1143347803
1143347803
1421328224
1143347803
NULL1421328224
1421328224
400397118
1421328224
NULL400397118
400397118
728098296
400397118
NULL728098296
728098296
951414736
728098296
NULL951414736
951414736
2009449391
951414736
NULL2009449391
2009449391
517193296
2009449391
NULL517193296
517193296
1409845788
517193296
NULL1409845788
1409845788
123241812
1409845788
NULL123241812
123241812
1889306062
123241812
NULL1889306062
1889306062
1602545900
1889306062
NULL1602545900
1602545900
1649283005
1602545900
NULL1649283005
1649283005
582442228
1649283005
NULL582442228
582442228
1020139148
582442228
NULL1020139148
1020139148
90261845
1020139148
NULL90261845
90261845
495343365
90261845
NULL495343365
495343365
844804199
495343365
NULL844804199
844804199
1970556799
844804199
NULL1970556799
1970556799
1811485994
1970556799
NULL1811485994
1811485994
995089284
1811485994
NULL995089284
995089284
1420124867
995089284
NULL1420124867
1420124867
1246770711
1420124867
NULL1246770711
1246770711
903234462
1246770711
NULL903234462
903234462
170613801
903234462
NULL170613801
170613801
1103339589
170613801
NULL1103339589
1103339589
569787423
1103339589
NULL569787423
569787423
953064506
569787423
NULL953064506
953064506
2049642392
953064506
NULL2049642392
2049642392
389859114
2049642392
NULL389859114
389859114
1724216035
389859114
NULL1724216035
1724216035
815915933
1724216035
NULL815915933
815915933
1533206917
815915933
NULL1533206917
1533206917
998060612
1533206917
NULL998060612
998060612
1216313051
998060612
NULL1216313051
1216313051
113821566
1216313051
NULL113821566
113821566
1949475348
113821566
NULL1949475348
1949475348
1078278795
1949475348
NULL1078278795
1078278795
631014862
1078278795
NULL631014862
631014862
1211837488
631014862
NULL1211837488
1211837488
1201520607
1211837488
NULL1201520607
1201520607
372837277
1201520607
NULL372837277
372837277
666899740
372837277
NULL666899740
666899740
703319964
666899740
NULL703319964
703319964
955279505
703319964
NULL955279505
955279505
1687038888
955279505
NULL1687038888
1687038888
793581810
1687038888
NULL793581810
793581810
1450622870
793581810
NULL1450622870
1450622870
384359440
1450622870
NULL384359440
384359440
616654961
384359440
NULL616654961
616654961
1114625216
616654961
NULL1114625216
1114625216
1379448724
1114625216
NULL1379448724
1379448724
2036779828
1379448724
NULL2036779828
2036779828
213912279
2036779828
NULL213912279
213912279
135199539
213912279
NULL135199539
135199539
59909981
135199539
NULL59909981
59909981
1317251869
59909981
NULL1317251869
1317251869
704986962
1317251869
NULL704986962
704986962
1012974487
704986962
NULL1012974487
1012974487
1219410613
1012974487
NULL1219410613
1219410613
1094846076
1219410613
NULL1094846076
1094846076
589706875
1094846076
NULL589706875
589706875
2035326546
589706875
NULL2035326546
2035326546
480569346
2035326546
NULL480569346
480569346
1587767487
480569346
NULL1587767487
1587767487
1104155950
1587767487
NULL1104155950
1104155950
594390912
1104155950
NULL594390912
594390912
1389759187
594390912
NULL1389759187
1389759187
34951097
1389759187
NULL34951097
34951097
1225405774
34951097
NULL1225405774
1225405774
454113027
1225405774
NULL454113027
454113027
1236471704
454113027
NULL1236471704
1236471704
1598243051
1236471704
NULL1598243051
1598243051
1121012767
1598243051
NULL1121012767
1121012767
1939791669
1121012767
NULL1939791669
1939791669
406038908
1939791669
NULL406038908
406038908
660568007
406038908
NULL660568007
660568007
585889831
660568007
NULL585889831
585889831
1856661779
585889831
NULL1856661779
1856661779
1044927447
1856661779
NULL1044927447
1044927447
1202544792
1044927447
NULL1202544792
1202544792
823803347
1202544792
NULL823803347
823803347
276892524
823803347
NULL276892524
276892524
1091840972
276892524
NULL1091840972
1091840972
1037715627
1091840972
NULL1037715627
1037715627
412092063
1037715627
NULL412092063
412092063
1151750953
412092063
NULL1151750953
1151750953
207483848
1151750953
NULL207483848
207483848
1117079025
207483848
NULL1117079025
1117079025
17241793
1117079025
NULL17241793
17241793
1426894461
17241793
NULL1426894461
1426894461
64441453
1426894461
NULL64441453
64441453
606948668
64441453
NULL606948668
606948668
1314737360
606948668
NULL1314737360
1314737360
545010799
1314737360
NULL545010799
545010799
47232507
545010799
NULL47232507
47232507
271409662
47232507
NULL271409662
271409662
1139401711
271409662
NULL1139401711
1139401711
1436991694
1139401711
NULL1436991694
1436991694
306360759
1436991694
NULL306360759
306360759
217323838
306360759
NULL217323838
217323838
1891104721
217323838
NULL1891104721
1891104721
1542832463
1891104721
NULL1542832463
1542832463
1815566889
1542832463
NULL1815566889
1815566889
864633840
1815566889
NULL864633840
864633840
1335140484
864633840
NULL1335140484
1335140484
74122150
1335140484
NULL74122150
74122150
1525201847
74122150
NULL1525201847
1525201847
1921030315
1525201847
NULL1921030315
1921030315
1930783929
1921030315
NULL1930783929
1930783929
422645647
1930783929
NULL422645647
422645647
976091459
422645647
NULL976091459
976091459
607103628
976091459
NULL607103628
607103628
699538171
607103628
NULL699538171
699538171
2067932431
699538171
NULL2067932431
2067932431
1644819255
2067932431
NULL1644819255
1644819255
1111630234
1644819255
NULL1111630234
1111630234
1072199737
1111630234
NULL1072199737
1072199737
1852303103
1072199737
NULL1852303103
1852303103
81225611
1852303103
NULL81225611
81225611
1089441530
81225611
NULL1089441530
1089441530
1131713917
1089441530
NULL1131713917
1131713917
145667064
1131713917
NULL145667064
145667064
1696390198
145667064
NULL1696390198
1696390198
298967629
1696390198
NULL298967629
298967629
690677864
298967629
NULL690677864
690677864
1743622705
690677864
NULL1743622705
1743622705
570377291
1743622705
NULL570377291
570377291
1830079575
570377291
NULL1830079575
1830079575
1033130751
1830079575
NULL1033130751
1033130751
876738050
1033130751
NULL876738050
876738050
2047403413
876738050
NULL2047403413
2047403413
776751824
2047403413
NULL776751824
776751824
272086865
776751824
NULL272086865
272086865
1715486655
272086865
NULL1715486655
1715486655
1641385664
1715486655
NULL1641385664
1641385664
1607227350
1641385664
NULL1607227350
1607227350
1789608805
1607227350
NULL1789608805
1789608805
1019103863
1789608805
NULL1019103863
1019103863
1380774017
1019103863
NULL1380774017
1380774017
1572909086
1380774017
NULL1572909086
1572909086
1441749510
1572909086
NULL1441749510
1441749510
209381829
1441749510
NULL209381829
209381829
32529066
209381829
NULL32529066
32529066
2141287681
32529066
NULL2141287681
2141287681
129830612
2141287681
NULL129830612
129830612
1677348322
129830612
NULL1677348322
1677348322
1105434267
1677348322
NULL1105434267
1105434267
1202030349
1105434267
NULL1202030349
1202030349
1382167777
1202030349
NULL1382167777
1382167777
1186659878
1382167777
NULL1186659878
1186659878
143988231
1186659878
NULL143988231
143988231
366398046
143988231
NULL366398046
366398046
1332326943
366398046
NULL1332326943
1332326943
1840378429
1332326943
NULL1840378429
1840378429
665365675
1840378429
NULL665365675
665365675
2023004807
665365675
NULL2023004807
2023004807
1436517486
2023004807
NULL1436517486
1436517486
1235742966
1436517486
NULL1235742966
1235742966
1705600734
1235742966
NULL1705600734
1705600734
322164589
1705600734
NULL322164589
322164589
2112481016
322164589
NULL2112481016
2112481016
1605520500
2112481016
NULL1605520500
1605520500
1098916413
1605520500
NULL1098916413
1098916413
237084234
1098916413
NULL237084234
237084234
1173523507
237084234
NULL1173523507
1173523507
592818429
1173523507
NULL592818429
592818429
1844311584
592818429
NULL1844311584
1844311584
815648664
1844311584
NULL815648664
815648664
1611922293
815648664
NULL1611922293
1611922293
1077601953
1611922293
NULL1077601953
1077601953
241074102
1077601953
NULL241074102
241074102
906188155
241074102
NULL906188155
906188155
1286983782
906188155
NULL1286983782
1286983782
273603168
1286983782
NULL273603168
273603168
899992189
273603168
NULL899992189
899992189
1416814395
899992189
NULL1416814395
1416814395
1950951490
1416814395
NULL1950951490
1950951490
2005426456
1950951490
NULL2005426456
2005426456
471361096
2005426456
NULL471361096
471361096
1185635620
471361096
NULL1185635620
1185635620
1044602687
1185635620
NULL1044602687
1044602687
615349328
1044602687
NULL615349328
615349328
1552033666
615349328
NULL1552033666
1552033666
229445982
1552033666
NULL229445982
229445982
308244109
229445982
NULL308244109
308244109
69915694
308244109
NULL69915694
69915694
104967141
69915694
NULL104967141
104967141
1744761596
104967141
NULL1744761596
1744761596
1305658660
1744761596
NULL1305658660
1305658660
1810567875
1305658660
NULL1810567875
1810567875
2066926185
1810567875
NULL2066926185
2066926185
1270656029
2066926185
NULL1270656029
1270656029
1268604727
1270656029
NULL1268604727
1268604727
1018358951
1268604727
NULL1018358951
1018358951
1507740263
1018358951
NULL1507740263
1507740263
294644586
1507740263
NULL294644586
294644586
1611177380
294644586
NULL1611177380
1611177380
1204568199
1611177380
NULL1204568199
1204568199
1110293250
1204568199
NULL1110293250
1110293250
1075616025
1110293250
NULL1075616025
1075616025
134686504
1075616025
NULL134686504
134686504
1351367352
134686504
NULL1351367352
1351367352
1981804181
1351367352
NULL1981804181
1981804181
1421670287
1981804181
NULL1421670287
1421670287
1624970521
1421670287
NULL1624970521
1624970521
734312722
1624970521
NULL734312722
734312722
691001034
734312722
NULL691001034
691001034
1428438363
691001034
NULL1428438363
1428438363
592255530
1428438363
NULL592255530
592255530
1162362130
592255530
NULL1162362130
1162362130
466590335
1162362130
NULL466590335
466590335
1636858217
466590335
NULL1636858217
1636858217
1777711458
1636858217
NULL1777711458
1777711458
2018624002
1777711458
NULL2018624002
2018624002
1866304199
2018624002
NULL1866304199
1866304199
2085955568
1866304199
NULL2085955568
2085955568
2088539696
2085955568
NULL2088539696
2088539696
1971271340
2088539696
NULL1971271340
1971271340
1683233516
1971271340
NULL1683233516
1683233516
1246714708
1683233516
NULL1246714708
1246714708
1634355568
1246714708
NULL1634355568
1634355568
1602676053
1634355568
NULL1602676053
1602676053
369887089
1602676053
NULL369887089
369887089
755476647
369887089
NULL755476647
755476647
473551356
755476647
NULL473551356
473551356
1877627352
473551356
NULL1877627352
1877627352
1050121234
1877627352
NULL1050121234
1050121234
2084728737
1050121234
NULL2084728737
2084728737
934711903
2084728737
NULL934711903
934711903
12930836
934711903
NULL12930836
12930836
1012861114
12930836
NULL1012861114
1012861114
1069398408
1012861114
NULL1069398408
1069398408
1364298189
1069398408
NULL1364298189
1364298189
847181647
1364298189
NULL847181647
847181647
343585047
847181647
NULL343585047
343585047
841785062
343585047
NULL841785062
841785062
1581494369
841785062
NULL1581494369
1581494369
1034586081
1581494369
NULL1034586081
1034586081
122739777
1034586081
NULL122739777
122739777
26266252
122739777
NULL26266252
26266252
49464563
26266252
NULL49464563
49464563
589330113
49464563
NULL589330113
589330113
1663124469
589330113
NULL1663124469
1663124469
1827176022
1663124469
NULL1827176022
1827176022
460470467
1827176022
NULL460470467
460470467
1381945021
460470467
NULL1381945021
1381945021
1765647942
1381945021
NULL1765647942
1765647942
401526515
1765647942
NULL401526515
401526515
1205732713
401526515
NULL1205732713
1205732713
1301397810
1205732713
NULL1301397810
1301397810
1648241223
1301397810
NULL1648241223
1648241223
692604633
1648241223
NULL692604633
692604633
756590215
692604633
NULL756590215
756590215
2018128313
756590215
NULL2018128313
2018128313
1448081281
2018128313
NULL1448081281
1448081281
1230141572
1448081281
NULL1230141572
1230141572
1748272017
1230141572
NULL1748272017
1748272017
350718867
1748272017
NULL350718867
350718867
1167386661
350718867
NULL1167386661
1167386661
535500273
1167386661
NULL535500273
535500273
363649703
535500273
NULL363649703
363649703
32764127
363649703
NULL32764127
32764127
1604898681
32764127
NULL1604898681
1604898681
1727947892
1604898681
NULL1727947892
1727947892
879945775
1727947892
NULL879945775
879945775
1948483728
879945775
NULL1948483728
1948483728
422249306
1948483728
NULL422249306
422249306
313956496
422249306
NULL313956496
313956496
835586161
313956496
NULL835586161
835586161
544989084
835586161
NULL544989084
544989084
340222748
544989084
NULL340222748
340222748
885050724
340222748
NULL885050724
885050724
1134319197
885050724
NULL1134319197
1134319197
2003347218
1134319197
NULL2003347218
2003347218
564743098
2003347218
NULL564743098
564743098
1594789664
564743098
NULL1594789664
1594789664
1237808591
1594789664
NULL1237808591
1237808591
182907392
1237808591
NULL182907392
182907392
1996316179
182907392
NULL1996316179
1996316179
296057656
1996316179
NULL296057656
296057656
1484305202
296057656
NULL1484305202
1484305202
1497073754
1484305202
NULL1497073754
1497073754
988662290
1497073754
NULL988662290
988662290
93411770
988662290
NULL93411770
93411770
1367718419
93411770
NULL1367718419
1367718419
289259923
1367718419
NULL289259923
289259923
1323553342
289259923
NULL1323553342
1323553342
968506789
1323553342
NULL968506789
968506789
639978790
968506789
NULL639978790
639978790
343456355
639978790
NULL343456355
343456355
1504007062
343456355
NULL1504007062
1504007062
1003628493
1504007062
NULL1003628493
1003628493
376220482
1003628493
NULL376220482
376220482
961422095
376220482
NULL961422095
961422095
584092738
961422095
NULL584092738
584092738
1256166257
584092738
NULL1256166257
1256166257
762422175
1256166257
NULL762422175
762422175
1006342044
762422175
NULL1006342044
1006342044
1570122754
1006342044
NULL1570122754
1570122754
1598008336
1570122754
NULL1598008336
1598008336
1551331128
1598008336
NULL1551331128
1551331128
1910345502
1551331128
NULL1910345502
1910345502
335575412
1910345502
NULL335575412
335575412
538166677
335575412
NULL538166677
538166677
1766209072
538166677
NULL1766209072
1766209072
900318511
1766209072
NULL900318511
900318511
2132956341
900318511
NULL2132956341
2132956341
856534015
2132956341
NULL856534015
856534015
1083225903
856534015
NULL1083225903
1083225903
1981788872
1083225903
NULL1981788872
1981788872
1152591672
1981788872
NULL1152591672
1152591672
420047458
1152591672
NULL420047458
420047458
1331378979
420047458
NULL1331378979
1331378979
2141253962
1331378979
NULL2141253962
2141253962
513459228
2141253962
NULL513459228
513459228
551613750
513459228
NULL551613750
551613750
283030237
551613750
NULL283030237
283030237
1837012570
283030237
NULL1837012570
1837012570
1520120539
1837012570
NULL1520120539
1520120539
923009027
1520120539
NULL923009027
923009027
32985277
923009027
NULL32985277
32985277
876643953
32985277
NULL876643953
876643953
1926637520
876643953
NULL1926637520
1926637520
409205759
1926637520
NULL409205759
409205759
1838066048
409205759
NULL1838066048
1838066048
363246610
1838066048
NULL363246610
363246610
1665372017
363246610
NULL1665372017
1665372017
453004575
1665372017
NULL453004575
453004575
1369588655
453004575
NULL1369588655
1369588655
1088011123
1369588655
NULL1088011123
1088011123
2051012911
1088011123
NULL2051012911
2051012911
773436135
2051012911
NULL773436135
773436135
850872977
773436135
NULL850872977
850872977
239104676
850872977
NULL239104676
239104676
1311602813
239104676
NULL1311602813
1311602813
469598402
1311602813
NULL469598402
469598402
1139423187
469598402
NULL1139423187
1139423187
1297075506
1139423187
NULL1297075506
1297075506
1326132417
1297075506
NULL1326132417
1326132417
75165442
1326132417
NULL75165442
75165442
1131380731
75165442
NULL1131380731
1131380731
331240441
1131380731
NULL331240441
331240441
495212900
331240441
NULL495212900
495212900
315276062
495212900
NULL315276062
315276062
325010755
315276062
NULL325010755
325010755
1008672128
325010755
NULL1008672128
1008672128
866889812
1008672128
NULL866889812
866889812
608040992
866889812
NULL608040992
608040992
698201050
608040992
NULL698201050
698201050
239526704
698201050
NULL239526704
239526704
1531050019
239526704
NULL1531050019
1531050019
731186327
1531050019
NULL731186327
731186327
1116170657
731186327
NULL1116170657
1116170657
1310203892
1116170657
NULL1310203892
1310203892
1140392087
1310203892
NULL1140392087
1140392087
806753058
1140392087
NULL806753058
806753058
1673450502
806753058
NULL1673450502
1673450502
658280456
1673450502
NULL658280456
658280456
1259757633
658280456
NULL1259757633
1259757633
895555509
1259757633
NULL895555509
895555509
1746291579
895555509
NULL1746291579
1746291579
1163286897
1746291579
NULL1163286897
1163286897
1668991645
1163286897
NULL1668991645
1668991645
449680908
1668991645
NULL449680908
449680908
1402391573
449680908
NULL1402391573
1402391573
833110810
1402391573
NULL833110810
833110810
919279310
833110810
NULL919279310
919279310
394331112
919279310
NULL394331112
394331112
2130186316
394331112
NULL2130186316
2130186316
97928080
2130186316
NULL97928080
97928080
469496554
97928080
NULL469496554
469496554
1114083399
469496554
NULL1114083399
1114083399
429168521
1114083399
NULL429168521
429168521
964709455
429168521
NULL964709455
964709455
1429359461
964709455
NULL1429359461
1429359461
754179277
1429359461
NULL754179277
754179277
1973381583
754179277
NULL1973381583
1973381583
148765626
1973381583
NULL148765626
148765626
1362220269
148765626
NULL1362220269
1362220269
524098986
1362220269
NULL524098986
524098986
388292330
524098986
NULL388292330
388292330
745786641
388292330
NULL745786641
745786641
1255285313
745786641
NULL1255285313
1255285313
1504462987
1255285313
NULL1504462987
1504462987
2055990533
1504462987
NULL2055990533
2055990533
248193752
2055990533
NULL248193752
248193752
163732397
248193752
NULL163732397
163732397
1581957387
163732397
NULL1581957387
1581957387
906474208
1581957387
NULL906474208
906474208
1423490031
906474208
NULL1423490031
1423490031
330029249
1423490031
NULL330029249
330029249
505282139
330029249
NULL505282139
505282139
439293280
505282139
NULL439293280
439293280
1999020894
439293280
NULL1999020894
1999020894
954963048
1999020894
NULL954963048
954963048
1841684853
954963048
NULL1841684853
1841684853
684648056
1841684853
NULL684648056
684648056
1874242358
684648056
NULL1874242358
1874242358
88532317
1874242358
NULL88532317
88532317
667350724
88532317
NULL667350724
667350724
1972170438
667350724
NULL1972170438
1972170438
558028871
1972170438
NULL558028871
558028871
1781434124
558028871
NULL1781434124
1781434124
253855312
1781434124
NULL253855312
253855312
1522738326
253855312
NULL1522738326
1522738326
1063309937
1522738326
NULL1063309937
1063309937
1008034589
1063309937
NULL1008034589
1008034589
1348636262
1008034589
NULL1348636262
1348636262
1212075563
1348636262
NULL1212075563
1212075563
222771210
1212075563
NULL222771210
222771210
1872735248
222771210
NULL1872735248
1872735248
1600367893
1872735248
NULL1600367893
1600367893
968557851
1600367893
NULL968557851
968557851
980536913
968557851
NULL980536913
980536913
957347233
980536913
NULL957347233
957347233
877064736
957347233
NULL877064736
877064736
1228730666
877064736
NULL1228730666
1228730666
1121079630
1228730666
NULL1121079630
1121079630
311538476
1121079630
NULL311538476
311538476
2135204874
311538476
NULL2135204874
2135204874
397086013
2135204874
NULL397086013
397086013
641567725
397086013
NULL641567725
641567725
493003366
641567725
NULL493003366
493003366
836379293
493003366
NULL836379293
836379293
493104971
836379293
NULL493104971
493104971
1447966414
493104971
NULL1447966414
1447966414
530580498
1447966414
NULL530580498
530580498
1177753027
530580498
NULL1177753027
1177753027
1174725124
1177753027
NULL1174725124
1174725124
619112815
1174725124
NULL619112815
619112815
1845103751
619112815
NULL1845103751
1845103751
999411915
1845103751
NULL999411915
999411915
1177141687
999411915
NULL1177141687
1177141687
1479054227
1177141687
NULL1479054227
1479054227
1253267227
1479054227
NULL1253267227
1253267227
552396365
1253267227
NULL552396365
552396365
394880517
552396365
NULL394880517
394880517
113818168
394880517
NULL113818168
113818168
1901032627
113818168
NULL1901032627
1901032627
1606956080
1901032627
NULL1606956080
1606956080
336589378
1606956080
NULL336589378
336589378
1626284227
336589378
NULL1626284227
1626284227
1059840326
1626284227
NULL1059840326
1059840326
1305147230
1059840326
NULL1305147230
1305147230
459337493
1305147230
NULL459337493
459337493
2017187559
459337493
NULL2017187559
2017187559
34728318
2017187559
NULL34728318
34728318
1688068159
34728318
NULL1688068159
1688068159
990783541
1688068159
NULL990783541
990783541
346266794
990783541
NULL346266794
346266794
1675789385
346266794
NULL1675789385
1675789385
1387869555
1675789385
NULL1387869555
1387869555
987834519
1387869555
NULL987834519
987834519
21309103
987834519
NULL21309103
21309103
76765200
21309103
NULL76765200
76765200
1480939490
76765200
NULL1480939490
1480939490
1469275517
1480939490
NULL1469275517
1469275517
607345699
1469275517
NULL607345699
607345699
511208869
607345699
NULL511208869
511208869
496516994
511208869
NULL496516994
496516994
1226458514
496516994
NULL1226458514
1226458514
208828973
1226458514
NULL208828973
208828973
1495928909
208828973
NULL1495928909
1495928909
256116553
1495928909
NULL256116553
256116553
1687883200
256116553
NULL1687883200
1687883200
601712488
1687883200
NULL601712488
601712488
808512919
601712488
NULL808512919
808512919
2082763717
808512919
NULL2082763717
2082763717
715530656
2082763717
NULL715530656
715530656
562061898
715530656
NULL562061898
562061898
1542236150
562061898
NULL1542236150
1542236150
1052120034
1542236150
NULL1052120034
1052120034
40862478
1052120034
NULL40862478
40862478
454592828
40862478
NULL454592828
454592828
209783616
454592828
NULL209783616
209783616
500199971
209783616
NULL500199971
500199971
324296739
500199971
NULL324296739
324296739
244511935
324296739
NULL244511935
244511935
40784482
244511935
NULL40784482
40784482
1315080280
40784482
NULL1315080280
1315080280
590778729
1315080280
NULL590778729
590778729
1716573867
590778729
NULL1716573867
1716573867
555466187
1716573867
NULL555466187
555466187
1578613249
555466187
NULL1578613249
1578613249
1737882971
1578613249
NULL1737882971
1737882971
632231388
1737882971
NULL632231388
632231388
912069091
632231388
NULL912069091
912069091
1059674840
912069091
NULL1059674840
1059674840
1239577087
1059674840
NULL1239577087
1239577087
1423277961
1239577087
NULL1423277961
1423277961
1556191834
1423277961
NULL1556191834
1556191834
318551953
1556191834
NULL318551953
318551953
1632106934
318551953
NULL1632106934
1632106934
904637095
1632106934
NULL904637095
904637095
574668507
904637095
NULL574668507
574668507
1172506486
574668507
NULL1172506486
1172506486
1506349583
1172506486
NULL1506349583
1506349583
1383181426
1506349583
NULL1383181426
1383181426
1107786556
1383181426
NULL1107786556
1107786556
74396591
1107786556
NULL74396591
74396591
1945243324
74396591
NULL1945243324
1945243324
502539058
1945243324
NULL502539058
502539058
1126516626
502539058
NULL1126516626
1126516626
1986105802
1126516626
NULL1986105802
1986105802
957131886
1986105802
NULL957131886
957131886
1336300242
957131886
NULL1336300242
1336300242
338822125
1336300242
NULL338822125
338822125
1281428625
338822125
NULL1281428625
1281428625
1580812177
1281428625
NULL1580812177
1580812177
379606607
1580812177
NULL379606607
379606607
449025257
379606607
NULL449025257
449025257
24107259
449025257
NULL24107259
24107259
2096180475
24107259
NULL2096180475
2096180475
1004491445
2096180475
NULL1004491445
1004491445
1602720508
1004491445
NULL1602720508
1602720508
1686579798
1602720508
NULL1686579798
1686579798
1636722833
1686579798
NULL1636722833
1636722833
367305951
1636722833
NULL367305951
367305951
598770990
367305951
NULL598770990
598770990
728816272
598770990
NULL728816272
728816272
1790583912
728816272
NULL1790583912
1790583912
7479177
1790583912
NULL7479177
7479177
1047368225
7479177
NULL1047368225
1047368225
1275207198
1047368225
NULL1275207198
1275207198
912116272
1275207198
NULL912116272
912116272
1622036732
912116272
NULL1622036732
1622036732
300230037
1622036732
NULL300230037
300230037
270982208
300230037
NULL270982208
270982208
857734510
270982208
NULL857734510
857734510
1408016593
857734510
NULL1408016593
1408016593
345378799
1408016593
NULL345378799
345378799
655494187
345378799
NULL655494187
655494187
1910555651
655494187
NULL1910555651
1910555651
1471895425
1910555651
NULL1471895425
1471895425
494116341
1471895425
NULL494116341
494116341
720203889
494116341
NULL720203889
720203889
660712020
720203889
NULL660712020
660712020
832938467
660712020
NULL832938467
832938467
2001632514
832938467
NULL2001632514
2001632514
94040549
2001632514
NULL94040549
94040549
1212545074
94040549
NULL1212545074
1212545074
303174123
1212545074
NULL303174123
303174123
118147808
303174123
NULL118147808
118147808
1161241901
118147808
NULL1161241901
1161241901
1307665568
1161241901
NULL1307665568
1307665568
1720868316
1307665568
NULL1720868316
1720868316
700338051
1720868316
NULL700338051
700338051
796904753
700338051
NULL796904753
796904753
2088174268
796904753
NULL2088174268
2088174268
1299109042
2088174268
NULL1299109042
1299109042
1525721025
1299109042
NULL1525721025
1525721025
1731274532
1525721025
NULL1731274532
1731274532
1306588219
1731274532
NULL1306588219
1306588219
425605603
1306588219
NULL425605603
425605603
858998083
425605603
NULL858998083
858998083
71220843
858998083
NULL71220843
71220843
2047642335
71220843
NULL2047642335
2047642335
1159228120
2047642335
NULL1159228120
1159228120
342203051
1159228120
NULL342203051
342203051
757893198
342203051
NULL757893198
757893198
419761065
757893198
NULL419761065
419761065
687581851
419761065
NULL687581851
687581851
1413387385
687581851
NULL1413387385
1413387385
182833068
1413387385
NULL182833068
182833068
11993628
182833068
NULL11993628
11993628
1907503726
11993628
NULL1907503726
1907503726
903036957
1907503726
NULL903036957
903036957
672705648
903036957
NULL672705648
672705648
592958545
672705648
NULL592958545
592958545
757185823
592958545
NULL757185823
757185823
766746198
757185823
NULL766746198
766746198
1805503620
766746198
NULL1805503620
1805503620
1060359946
1805503620
NULL1060359946
1060359946
884894006
1060359946
NULL884894006
884894006
819261873
884894006
NULL819261873
819261873
220541867
819261873
NULL220541867
220541867
458278675
220541867
NULL458278675
458278675
1519599925
458278675
NULL1519599925
1519599925
1017446620
1519599925
NULL1017446620
1017446620
398969295
1017446620
NULL398969295
398969295
671225319
398969295
NULL671225319
671225319
395683998
671225319
NULL395683998
395683998
2130243827
395683998
NULL2130243827
2130243827
1977813538
2130243827
NULL1977813538
1977813538
821289601
1977813538
NULL821289601
821289601
841758262
821289601
NULL841758262
841758262
2049034381
841758262
NULL2049034381
2049034381
721448288
2049034381
NULL721448288
721448288
2000986382
721448288
NULL2000986382
2000986382
243753785
2000986382
NULL243753785
243753785
1479341486
243753785
NULL1479341486
1479341486
273263799
1479341486
NULL273263799
273263799
931335636
273263799
NULL931335636
931335636
745245223
931335636
NULL745245223
745245223
456096867
745245223
NULL456096867
456096867
943329264
456096867
NULL943329264
943329264
505265302
943329264
NULL505265302
505265302
1359133824
505265302
NULL1359133824
1359133824
1616034913
1359133824
NULL1616034913
1616034913
1098223847
1616034913
NULL1098223847
1098223847
2116319647
1098223847
NULL2116319647
2116319647
235297463
2116319647
NULL235297463
235297463
756243819
235297463
NULL756243819
756243819
1029195946
756243819
NULL1029195946
1029195946
1120191469
1029195946
NULL1120191469
1120191469
1575505693
1120191469
NULL1575505693
1575505693
1249737813
1575505693
NULL1249737813
1249737813
1578470144
1249737813
NULL1578470144
1578470144
947621970
1578470144
NULL947621970
947621970
119700785
947621970
NULL119700785
119700785
1977439439
119700785
NULL1977439439
1977439439
1618847289
1977439439
NULL1618847289
1618847289
515384783
1618847289
NULL515384783
515384783
1960199619
515384783
NULL1960199619
1960199619
1449177179
1960199619
NULL1449177179
1449177179
1336674384
1449177179
NULL1336674384
1336674384
654474233
1336674384
NULL654474233
654474233
1350727912
654474233
NULL1350727912
1350727912
2058122673
1350727912
NULL2058122673
2058122673
507976968
2058122673
NULL507976968
507976968
1594481697
507976968
NULL1594481697
1594481697
1389980511
1594481697
NULL1389980511
1389980511
781240767
1389980511
NULL781240767
781240767
378333685
781240767
NULL378333685
378333685
2135225735
378333685
NULL2135225735
2135225735
1237337635
2135225735
NULL1237337635
1237337635
1321662950
1237337635
NULL1321662950
1321662950
493007389
1321662950
NULL493007389
493007389
448987811
493007389
NULL448987811
448987811
790214215
448987811
NULL790214215
790214215
1591231236
790214215
NULL1591231236
1591231236
417823811
1591231236
NULL417823811
417823811
1025511678
417823811
NULL1025511678
1025511678
199991408
1025511678
NULL199991408
199991408
1447019757
199991408
NULL1447019757
1447019757
2145703147
1447019757
NULL2145703147
2145703147
1775497101
2145703147
NULL1775497101
1775497101
549273922
1775497101
NULL549273922
549273922
1576689644
549273922
NULL1576689644
1576689644
575635423
1576689644
NULL575635423
575635423
668974707
575635423
NULL668974707
668974707
1406645435
668974707
NULL1406645435
1406645435
46999064
1406645435
NULL46999064
46999064
1184359491
46999064
NULL1184359491
1184359491
1219361406
1184359491
NULL1219361406
1219361406
1496176243
1219361406
NULL1496176243
1496176243
373550227
1496176243
NULL373550227
373550227
1873835640
373550227
NULL1873835640
1873835640
699420507
1873835640
NULL699420507
699420507
284189252
699420507
NULL284189252
284189252
234328960
284189252
NULL234328960
234328960
146418557
234328960
NULL146418557
146418557
1674169764
146418557
NULL1674169764
1674169764
1015569727
1674169764
NULL1015569727
1015569727
524752242
1015569727
NULL524752242
524752242
1661911851
524752242
NULL1661911851
1661911851
105423714
1661911851
NULL105423714
105423714
1846415192
105423714
NULL1846415192
1846415192
7435592
1846415192
NULL7435592
7435592
554411526
7435592
NULL554411526
554411526
489145759
554411526
NULL489145759
489145759
1598666828
489145759
NULL1598666828
1598666828
972235337
1598666828
NULL972235337
972235337
1514657437
972235337
NULL1514657437
1514657437
1798658236
1514657437
NULL1798658236
1798658236
271771446
1798658236
NULL271771446
271771446
1512876937
271771446
NULL1512876937
1512876937
1426671689
1512876937
NULL1426671689
1426671689
821045368
1426671689
NULL821045368
821045368
942082933
821045368
NULL942082933
942082933
2002307112
942082933
NULL2002307112
2002307112
1490020075
2002307112
NULL1490020075
1490020075
201244720
1490020075
NULL201244720
201244720
2049306176
201244720
NULL2049306176
2049306176
526895918
2049306176
NULL526895918
526895918
1420606127
526895918
NULL1420606127
1420606127
1397998771
1420606127
NULL1397998771
1397998771
900446146
1397998771
NULL900446146
900446146
1146958119
900446146
NULL1146958119
1146958119
2097419279
1146958119
NULL2097419279
2097419279
1184635398
2097419279
NULL1184635398
1184635398
1381287079
1184635398
NULL1381287079
1381287079
96354188
1381287079
NULL96354188
96354188
711321514
96354188
NULL711321514
711321514
249373158
711321514
NULL249373158
249373158
621106430
249373158
NULL621106430
621106430
225749717
621106430
NULL225749717
225749717
354796873
225749717
NULL354796873
354796873
320037975
354796873
NULL320037975
320037975
233185309
320037975
NULL233185309
233185309
909208399
233185309
NULL909208399
909208399
809183734
909208399
NULL809183734
809183734
1831852138
809183734
NULL1831852138
1831852138
1881443736
1831852138
NULL1881443736
1881443736
176357524
1881443736
NULL176357524
176357524
1483026726
176357524
NULL1483026726
1483026726
5731534
1483026726
NULL5731534
5731534
1689234461
5731534
NULL1689234461
1689234461
762214768
1689234461
NULL762214768
762214768
826776902
762214768
NULL826776902
826776902
483833746
826776902
NULL483833746
483833746
617038232
483833746
NULL617038232
617038232
169313329
617038232
NULL169313329
169313329
685078466
169313329
NULL685078466
685078466
518860761
685078466
NULL518860761
518860761
696209248
518860761
NULL696209248
696209248
2105684593
696209248
NULL2105684593
2105684593
1916859532
2105684593
NULL1916859532
1916859532
1596655394
1916859532
NULL1596655394
1596655394
1105159064
1596655394
NULL1105159064
1105159064
1866795163
1105159064
NULL1866795163
1866795163
633807144
1866795163
NULL633807144
633807144
338962495
633807144
NULL338962495
338962495
1963149351
338962495
NULL1963149351
1963149351
1345128659
1963149351
NULL1345128659
1345128659
588335654
1345128659
NULL588335654
588335654
436772134
588335654
NULL436772134
436772134
1570878376
436772134
NULL1570878376
1570878376
943132527
1570878376
NULL943132527
943132527
756810109
943132527
NULL756810109
756810109
1804063686
756810109
NULL1804063686
1804063686
1852340926
1804063686
NULL1852340926
1852340926
1565993843
1852340926
NULL1565993843
1565993843
1488432176
1565993843
NULL1488432176
1488432176
1586301014
1488432176
NULL1586301014
1586301014
1742351367
1586301014
NULL1742351367
1742351367
823975254
1742351367
NULL823975254
823975254
1592032548
823975254
NULL1592032548
1592032548
1284102180
1592032548
NULL1284102180
1284102180
1586190022
1284102180
NULL1586190022
1586190022
271325802
1586190022
NULL271325802
271325802
1767935926
271325802
NULL1767935926
1767935926
55744607
1767935926
NULL55744607
55744607
440639131
55744607
NULL440639131
440639131
305530745
440639131
NULL305530745
305530745
574605368
305530745
NULL574605368
574605368
1136848379
574605368
NULL1136848379
1136848379
263731690
1136848379
NULL263731690
263731690
343981252
263731690
NULL343981252
343981252
586020125
343981252
NULL586020125
586020125
1368890755
586020125
NULL1368890755
1368890755
63292768
1368890755
NULL63292768
63292768
1219827270
63292768
NULL1219827270
1219827270
1707853250
1219827270
NULL1707853250
1707853250
2026442119
1707853250
NULL2026442119
2026442119
417472281
2026442119
NULL417472281
417472281
148705256
417472281
NULL148705256
148705256
315730605
148705256
NULL315730605
315730605
1988350657
315730605
NULL1988350657
1988350657
1091837783
1988350657
NULL1091837783
1091837783
1072540714
1091837783
NULL1072540714
1072540714
1644930695
1072540714
NULL1644930695
1644930695
796695061
1644930695
NULL796695061
796695061
491050910
796695061
NULL491050910
491050910
985879223
491050910
NULL985879223
985879223
235512427
985879223
NULL235512427
235512427
85918629
235512427
NULL85918629
85918629
1809854478
85918629
NULL1809854478
1809854478
1827544975
1809854478
NULL1827544975
1827544975
1370020810
1827544975
NULL1370020810
1370020810
1248560852
1370020810
NULL1248560852
1248560852
2098870777
1248560852
NULL2098870777
2098870777
990473088
2098870777
NULL990473088
990473088
1304305459
990473088
NULL1304305459
1304305459
392026261
1304305459
NULL392026261
392026261
1296003833
392026261
NULL1296003833
1296003833
1878910827
1296003833
NULL1878910827
1878910827
1528874640
1878910827
NULL1528874640
1528874640
1559735524
1528874640
NULL1559735524
1559735524
75408432
1559735524
NULL75408432
75408432
2114894766
75408432
NULL2114894766
2114894766
781142631
2114894766
NULL781142631
781142631
138701200
781142631
NULL138701200
138701200
1187238388
138701200
NULL1187238388
1187238388
341512233
1187238388
NULL341512233
341512233
17659671
341512233
NULL17659671
17659671
1604710669
17659671
NULL1604710669
1604710669
490217490
1604710669
NULL490217490
490217490
333390277
490217490
NULL333390277
333390277
1445577678
333390277
NULL1445577678
1445577678
1582055273
1445577678
NULL1582055273
1582055273
1405930991
1582055273
NULL1405930991
1405930991
943024726
1405930991
NULL943024726
943024726
231266687
943024726
NULL231266687
231266687
1896981901
231266687
NULL1896981901
1896981901
1928903949
1896981901
NULL1928903949
1928903949
466779114
1928903949
NULL466779114
466779114
1982900531
466779114
NULL1982900531
1982900531
1591274779
1982900531
NULL1591274779
1591274779
146840442
1591274779
NULL146840442
146840442
1205437693
146840442
NULL1205437693
1205437693
692351984
1205437693
NULL692351984
692351984
98227571
692351984
NULL98227571
98227571
48427133
98227571
NULL48427133
48427133
1996657443
48427133
NULL1996657443
1996657443
490253832
1996657443
NULL490253832
490253832
1344430967
490253832
NULL1344430967
1344430967
1728084623
1344430967
NULL1728084623
1728084623
2019128473
1728084623
NULL2019128473
2019128473
756682843
2019128473
NULL756682843
756682843
1803493055
756682843
NULL1803493055
1803493055
1986539591
1803493055
NULL1986539591
1986539591
1537825474
1986539591
NULL1537825474
1537825474
1942194255
1537825474
NULL1942194255
1942194255
1026294331
1942194255
NULL1026294331
1026294331
1879337707
1026294331
NULL1879337707
1879337707
1959853926
1879337707
NULL1959853926
1959853926
483521352
1959853926
NULL483521352
483521352
222071549
483521352
NULL222071549
222071549
145760555
222071549
NULL145760555
145760555
1929099030
145760555
NULL1929099030
1929099030
1804126823
1929099030
NULL1804126823
1804126823
1551691547
1804126823
NULL1551691547
1551691547
724640108
1551691547
NULL724640108
724640108
2035393510
724640108
NULL2035393510
2035393510
1301189800
2035393510
NULL1301189800
1301189800
506060410
1301189800
NULL506060410
506060410
354688976
506060410
NULL354688976
354688976
1136606683
354688976
NULL1136606683
1136606683
2097335189
1136606683
NULL2097335189
2097335189
501529418
2097335189
NULL501529418
501529418
194560728
501529418
NULL194560728
194560728
642203525
194560728
NULL642203525
642203525
599756990
642203525
NULL599756990
599756990
242987862
599756990
NULL242987862
242987862
491377321
242987862
NULL491377321
491377321
1090010822
491377321
NULL1090010822
1090010822
1587418829
1090010822
NULL1587418829
1587418829
71978296
1587418829
NULL71978296
71978296
961655647
71978296
NULL961655647
961655647
196618024
961655647
NULL196618024
196618024
1875471351
196618024
NULL1875471351
1875471351
800711590
1875471351
NULL800711590
800711590
1734443498
800711590
NULL1734443498
1734443498
1670181958
1734443498
NULL1670181958
1670181958
1827005921
1670181958
NULL1827005921
1827005921
1466297557
1827005921
NULL1466297557
1466297557
1482552236
1466297557
NULL1482552236
1482552236
163043625
1482552236
NULL163043625
163043625
1688369107
163043625
NULL1688369107
1688369107
1628312792
1688369107
NULL1628312792
1628312792
2092142656
1628312792
NULL2092142656
2092142656
1345012282
2092142656
NULL1345012282
1345012282
1032520691
1345012282
NULL1032520691
1032520691
669299116
1032520691
NULL669299116
669299116
1232922144
669299116
NULL1232922144
1232922144
186226843
1232922144
NULL186226843
186226843
1175359526
186226843
NULL1175359526
1175359526
1587611120
1175359526
NULL1587611120
1587611120
1322833527
1587611120
NULL1322833527
1322833527
1125211068
1322833527
NULL1125211068
1125211068
2089140539
1125211068
NULL2089140539
2089140539
1517394255
2089140539
NULL1517394255
1517394255
1767414593
1517394255
NULL1767414593
1767414593
541413881
1767414593
NULL541413881
541413881
1760382117
541413881
NULL1760382117
1760382117
111308266
1760382117
NULL111308266
111308266
1631424703
111308266
NULL1631424703
1631424703
1200317298
1631424703
NULL1200317298
1200317298
183286562
1200317298
NULL183286562
183286562
445596703
183286562
NULL445596703
445596703
1396935322
445596703
NULL1396935322
1396935322
2058757913
1396935322
NULL2058757913
2058757913
1246308293
2058757913
NULL1246308293
1246308293
983895172
1246308293
NULL983895172
983895172
1581456223
983895172
NULL1581456223
1581456223
925830567
1581456223
NULL925830567
925830567
302709082
925830567
NULL302709082
302709082
916524812
302709082
NULL916524812
916524812
1088874192
916524812
NULL1088874192
1088874192
1991078189
1088874192
NULL1991078189
1991078189
397353956
1991078189
NULL397353956
397353956
1033533200
397353956
NULL1033533200
1033533200
1188606823
1033533200
NULL1188606823
1188606823
1429874647
1188606823
NULL1429874647
1429874647
1702832317
1429874647
NULL1702832317
1702832317
274045319
1702832317
NULL274045319
274045319
1616101490
274045319
NULL1616101490
1616101490
730708195
1616101490
NULL730708195
730708195
1861656439
730708195
NULL1861656439
1861656439
791451369
1861656439
NULL791451369
791451369
1855919263
791451369
NULL1855919263
1855919263
1803313330
1855919263
NULL1803313330
1803313330
161361977
1803313330
NULL161361977
161361977
1475850209
161361977
NULL1475850209
1475850209
197243563
1475850209
NULL197243563
197243563
1921744094
197243563
NULL1921744094
1921744094
1587158475
1921744094
NULL1587158475
1587158475
1828668267
1587158475
NULL1828668267
1828668267
974577745
1828668267
NULL974577745
974577745
1770445038
974577745
NULL1770445038
1770445038
126781322
1770445038
NULL126781322
126781322
224029419
126781322
NULL224029419
224029419
1681719303
224029419
NULL1681719303
1681719303
1373089615
1681719303
NULL1373089615
1373089615
1207924592
1373089615
NULL1207924592
1207924592
1115691879
1207924592
NULL1115691879
1115691879
151436534
1115691879
NULL151436534
151436534
1510633674
151436534
NULL1510633674
1510633674
2032216691
1510633674
NULL2032216691
2032216691
1240310727
2032216691
NULL1240310727
1240310727
1354228215
1240310727
NULL1354228215
1354228215
282086999
1354228215
NULL282086999
282086999
126360279
282086999
NULL126360279
126360279
395351390
126360279
NULL395351390
395351390
1711961646
395351390
NULL1711961646
1711961646
1829192596
1711961646
NULL1829192596
1829192596
669396709
1829192596
NULL669396709
669396709
1180579488
669396709
NULL1180579488
1180579488
412417144
1180579488
NULL412417144
412417144
383569500
412417144
NULL383569500
383569500
1972030858
383569500
NULL1972030858
1972030858
120852759
1972030858
NULL120852759
120852759
39399183
120852759
NULL39399183
39399183
2133392835
39399183
NULL2133392835
2133392835
1596702968
2133392835
NULL1596702968
1596702968
236642746
1596702968
NULL236642746
236642746
1907653281
236642746
NULL1907653281
1907653281
1036377796
1907653281
NULL1036377796
1036377796
2065311013
1036377796
NULL2065311013
2065311013
734747378
2065311013
NULL734747378
734747378
659339186
734747378
NULL659339186
659339186
44608687
659339186
NULL44608687
44608687
958776798
44608687
NULL958776798
958776798
193574841
958776798
NULL193574841
193574841
1417698303
193574841
NULL1417698303
1417698303
19217742
1417698303
NULL19217742
19217742
1309266720
19217742
NULL1309266720
1309266720
1569134837
1309266720
NULL1569134837
1569134837
1529851416
1569134837
NULL1529851416
1529851416
1193999763
1529851416
NULL1193999763
1193999763
661961916
1193999763
NULL661961916
661961916
736595983
661961916
NULL736595983
736595983
1476086762
736595983
NULL1476086762
1476086762
788322196
1476086762
NULL788322196
788322196
1131947373
788322196
NULL1131947373
1131947373
1040564760
1131947373
NULL1040564760
1040564760
470031144
1040564760
NULL470031144
470031144
1801344082
470031144
NULL1801344082
1801344082
73660601
1801344082
NULL73660601
73660601
882448288
73660601
NULL882448288
882448288
37429934
882448288
NULL37429934
37429934
2045691459
37429934
NULL2045691459
2045691459
1003301048
2045691459
NULL1003301048
1003301048
76829117
1003301048
NULL76829117
76829117
2031600646
76829117
NULL2031600646
2031600646
452520368
2031600646
NULL452520368
452520368
313471864
452520368
NULL313471864
313471864
1791770279
313471864
NULL1791770279
1791770279
1488898164
1791770279
NULL1488898164
1488898164
231299229
1488898164
NULL231299229
231299229
379034010
231299229
NULL379034010
379034010
753702
379034010
NULL753702
753702
275907917
753702
NULL275907917
275907917
1337810808
275907917
NULL1337810808
1337810808
194328544
1337810808
NULL194328544
194328544
1693606220
194328544
NULL1693606220
1693606220
1357028550
1693606220
NULL1357028550
1357028550
1503595264
1357028550
NULL1503595264
1503595264
1115257409
1503595264
NULL1115257409
1115257409
739396318
1115257409
NULL739396318
739396318
550111380
739396318
NULL550111380
550111380
1777219326
550111380
NULL1777219326
1777219326
1475992301
1777219326
NULL1475992301
1475992301
2026198142
1475992301
NULL2026198142
2026198142
418057874
2026198142
NULL418057874
418057874
460456026
418057874
NULL460456026
460456026
919279255
460456026
NULL919279255
919279255
888089018
919279255
NULL888089018
888089018
114316460
888089018
NULL114316460
114316460
992939856
114316460
NULL992939856
992939856
1770537307
992939856
NULL1770537307
1770537307
151746394
1770537307
NULL151746394
151746394
1677570159
I/O time: 0.000000e+00
Sorting time: 0.000000e+00
